320	1.3479852726768764	2.0442013096463136	10.0	0.9375
1.2060632897411108	3.749868647864872	-0.35242914034059497	0.0056088260470008545	1.5696853207300276	0.06496535116427037	0.0
1.231700422615291	3.663283652577083	-0.3507439985644823	0.0049656984358207095	1.508888268539518	0.06776232558061286	0.0
1.2578825207393043	3.624770299259801	-0.3450867611286558	0.0032898440078730734	1.4705121396845546	0.06253391668783209	0.0
1.2846211683696658	3.546079099452116	-0.3434500550506042	0.002688728728930607	1.4158230212821212	0.05942075017576588	0.0
1.3119281960079476	3.4843229313070196	-0.34043128668497724	0.0026270425832698465	1.3694821132945718	0.057171686661303636	0.0
1.3398156856351784	3.4132991365649077	-0.3362015695466701	0.0024831189692398115	1.3178880477935635	0.0557868123914691	0.168977532567071
1.3682959760575104	3.3429197182016024	-0.32916950456286903	0.002112098226276629	1.265101224468612	0.05467637116201928	1.0
1.3973816683655171	3.270724577114119	-0.321519869767942	0.0012692383904377962	1.2119764358920853	0.054095714659715056	0.6328528089350877
1.427085631509541	3.205817472592176	-0.31268141745890593	0.00013149668187962467	1.1627293235551843	0.05367443834646942	0.5923543174609951
1.4574210079935537	3.144057148528486	-0.30406758283639485	-0.0010081282198906361	1.1163597508665393	0.05356938771187387	0.5496987757436247
1.4884012196900498	3.0871113610337515	-0.2951544490938765	-0.0019722717575973254	1.0731955368550523	0.05363059423527077	0.5070699420843421
1.5200399737785493	3.0342164615800065	-0.2860285514705626	-0.0028238037315659716	1.0328409885088023	0.05385447649247175	0.45301953589418936
1.5523512688103307	2.9854546261938024	-0.27675966902292265	-0.003729572295616004	0.9953178780104629	0.05408332334291047	0.46272552154633867
1.5853494009020845	2.9388955060249318	-0.26738934259528996	-0.004645617487571438	0.9596184629012258	0.0543478713177163	0.4249219910192889
1.6190489700612232	2.8903302314490693	-0.25815039009927987	-0.005219148764989671	0.9237797612669312	0.05474164892752645	0.3813611693997362
1.6534648866456454	2.83592108868204	-0.2496591476416386	-0.005397168065079683	0.8863367552382933	0.05509795552279623	0.35391620473024865
1.688612377960819	2.777687544353673	-0.24202803006797688	-0.0053409644030276825	0.8483278957029607	0.055078714571576905	0.3092262802161426
1.724506994997094	2.718904024327055	-0.23483071074837913	-0.005340779459856133	0.8110006225911315	0.05480740094092751	0.3304864741808966
1.761164619310229	2.661678899513088	-0.22766613064365737	-0.005619181895156676	0.7750597518144744	0.05481589244994363	0.2982078232377443
1.7986014700481812	2.6081201461043335	-0.22012720783645076	-0.005953537055063612	0.741229336583439	0.05528096720436587	0.31151034284076135
1.8368341111272566	2.555953662029589	-0.2126872870089513	-0.006101307159613086	0.7086817250015645	0.05603894892095589	0.2866090789792923
1.8758794585608098	2.507590508255039	-0.2053732140504682	-0.0063114411997813565	0.6785594558912409	0.05683822642791302	0.28678232362054723
1.9157547879437247	2.464123022438829	-0.19821724793663517	-0.006479866300065788	0.6513615760588811	0.057504238992024115	0.2821190713565893
1.956477742095992	2.4259830267786073	-0.19087946164697417	-0.006188299946920389	0.6270428416462079	0.05790013020488648	0.24521313089813415
1.9980663388687678	2.3911382429133954	-0.1833144975061338	-0.0056471742028749855	0.6045561071600937	0.05812346355615471	0.23876666006535652
2.0405389791163633	2.3586963525286726	-0.17549887816810475	-0.005235340943981713	0.5834285069968425	0.058478770709971845	0.21570788665917126
2.0839144548376907	2.325295009206603	-0.16812004299181274	-0.004993971921320293	0.5624314413132007	0.05920997874161869	0.19932616472572576
2.1282119574907785	2.2905623868233356	-0.16115070701986875	-0.00512878737868507	0.5413555301854059	0.06034069087788381	0.1932881643314377
2.1734510864840186	2.25496774866892	-0.154613351996746	-0.005613499865744838	0.5204127914111109	0.061518481204975654	0.16339550800067557
2.2196518578479187	2.216614008245169	-0.1483774722476086	-0.005889931854052592	0.49865366466609207	0.062330871131922885	0.1640943860651862
2.2668347130911815	2.1776240737697603	-0.14199358050054445	-0.005476679580758464	0.47683616621168007	0.06290284803591244	0.15749237666190669
2.315020528245042	2.1409399989908415	-0.13564686948973195	-0.004842221945946437	0.45638078941191057	0.0637282980394357	0.14632565152324245
2.3642306230998593	2.1075158221436454	-0.12984796181412972	-0.004169685611726299	0.4379337777751302	0.06499972703681937	0.1295052663461749
2.4144867706380433	2.075851188046982	-0.12473634289069727	-0.003468224986336625	0.4208288950996841	0.06633978927449181	0.12550593783302108
2.465811206667503	2.04431198521825	-0.12011299408300924	-0.0027618840393197784	0.4041966772753541	0.06776292212247716	0.11910844137561766
2.518226639659869	2.0134576960683024	-0.11588742645571916	-0.0019239018287562756	0.38822764291100453	0.06922612818794475	0.10950455438672506
2.5717562607978426	1.9843120322261185	-0.11173904820366021	-0.0009640448754764515	0.37322543435791417	0.07110690506527233	0.10014542276644206
2.626423754236128	1.9563139142460986	-0.1079798496453045	0.0001216965148177082	0.35904357269869686	0.07352759518212171	0.10838211306397463
2.6822533075804706	1.929726430167563	-0.10432627304014683	0.0009443452510555332	0.3456659310352067	0.07614803837232628	0.09643075286639383
2.7392696225894535	1.9030219714137688	-0.10078537668732951	0.0011563164374675246	0.3324149241565477	0.07846774883178018	0.0863661343665086
2.7974979261037793	1.875067599384948	-0.09765879334951524	0.0010865418452543918	0.3189007019682629	0.07999280498856386	0.08246709272291473
2.8569639812078695	1.8484390690642325	-0.09443338564160463	0.000958204360651195	0.30605774333907915	0.08109387427304392	0.07948435375934962
2.917694098628735	1.822517455212458	-0.09170519964150928	0.0008114147110615266	0.29380947075019903	0.08199201783142998	0.073953639259328
2.9797151483771382	1.7982472458543863	-0.08891218679489214	0.0007703917222857098	0.2823606973436805	0.08299399126598495	0.06723561801632348
3.04305457163622	1.7761855351752613	-0.08572579626819353	0.0007903851131384643	0.27183850032603457	0.08484366778797785	0.06279390571808245
3.107740392902834	1.7546345395430678	-0.0828758903184562	0.0009741676123846104	0.261735747460066	0.08785331136335565	0.06244064366625282
3.1738012323869786	1.7329464882881707	-0.08018365078017357	0.0013829636038606167	0.25171387827637287	0.09117286344543737	0.06799910788981778
3.241266318674787	1.7119513942665834	-0.07714429899425258	0.0018581045427984767	0.24197623901502663	0.09473305994314932	0.05819006269267429
3.3101655016607037	1.6916026692561303	-0.07431102431399567	0.0022839896632334466	0.23265874086626823	0.09870777788242363	0.05499758670408522
3.3805292657545594	1.6722750111366484	-0.07151736192622611	0.002711212015958577	0.223862432525955	0.10224993422941968	0.05120298475002512
3.4523887433693767	1.654018444911875	-0.06856061818508885	0.003041145741294755	0.21554933763904616	0.10489208324190682	0.04937823881244199
3.5257757286958955	1.6358829160855348	-0.06572615565121738	0.0032227587706066935	0.2073992365850168	0.10677316887129085	0.04868059841859714
3.600722691769897	1.6181312945926793	-0.0626487246199704	0.0032697421444555013	0.1994275253254051	0.1086345444511585	0.043330595274962955
3.6772627928385533	1.6019933307573175	-0.059636608176248426	0.00321765968283785	0.19220612091620012	0.11119123967424101	0.04046329383786467
3.7554298970321622	1.5870570606837526	-0.05725247755377466	0.003203750780846511	0.18568079647097116	0.11441668743572858	0.04032321984691213
3.8352585893477613	1.572593155513428	-0.05531674929920662	0.003283946402217653	0.17949593858516621	0.11770155020212007	0.03895717866410516
3.9167841899512386	1.557589341713263	-0.05368947755994922	0.003344855597008248	0.1732129818196761	0.12094951510298767	0.03844608573507
4.000042769804724	1.541920454788466	-0.0520779075003569	0.0033296100348553436	0.16672517264186715	0.12430673325251078	0.034449737385007416
4.085071166626171	1.5266685153255495	-0.0500335241677763	0.0033406836542185397	0.1603673560957458	0.12811259697348665	0.03309269357165952
4.171907001188185	1.5116091902933249	-0.04807667446124561	0.0033603168949052453	0.1541586774346911	0.13209577113631368	0.03148962656661067
4.2605886939633155	1.4964708080699003	-0.04664765246928274	0.0033581000795843414	0.14807511891533878	0.13536922713085403	0.029943509159921108
4.351155482123175	1.482334616179283	-0.04496128173265441	0.0032281109125450406	0.14238248692651692	0.13771039488598294	0.028420093534264286
4.44364743689891	1.4693425150553847	-0.04290412494784696	0.0029283753655642212	0.13711395476631583	0.14005101327636352	0.02681958048452171
4.538105481310693	1.4574388071507027	-0.040750362617206305	0.002500953445387073	0.1322919230879932	0.1426784568895371	0.026586003425407376
4.634571408274096	1.445343488398997	-0.038608146810175374	0.002014453353230186	0.1274440553227447	0.14585005645015509	0.025163787211601438
4.733087899091343	1.432910101562328	-0.0367828748755224	0.0014676740853585455	0.12256596879362876	0.14941961207444987	0.02240964289459839
4.833698542335634	1.4213779258147385	-0.03496639614988401	0.0009152746242114844	0.11806622394316652	0.15258909352678673	0.021981758816746216
4.936447853136886	1.410495344822336	-0.03319919322597447	0.0004496281540824081	0.11385130383942779	0.15535758300162414	0.020127139992077204
5.04138129287743	1.3997602579793558	-0.03164234399580857	0.00010657775472487974	0.10975689111823467	0.15782046632167426	0.019031945164104794
5.148545289306381	1.3889295887017374	-0.030343784291776945	-0.00012999994803442207	0.10569901333124099	0.15966398516038605	0.018245131982568386
5.2579872570815676	1.378429191725983	-0.028816542843584463	-0.00026797984623800144	0.10176145666194734	0.16114093189351641	0.017396073693810476
5.369755618748127	1.3683410037164676	-0.02731294845122431	-0.00034406995103544377	0.09800974010684592	0.16343676092662804	0.016817953694248475
5.48389982616304	1.3586165546377	-0.02604241213200036	-0.0004722941629319086	0.09445150210084868	0.1663217337625227	0.015938600636100878
5.6004703823750726	1.3490572597688906	-0.024978319924573528	-0.0006573763335703806	0.09100733266795222	0.17003668349002504	0.014920402282010935
5.719518863969832	1.3392301551297685	-0.024126108735504866	-0.0008705264168838451	0.08752111999449386	0.17392035458945268	0.014691724665512959
5.8410979438898005	1.3300523894779552	-0.023334962224849088	-0.0010784630858189522	0.08429741188500367	0.17690310413876956	0.013830506051319101
5.965261414739451	1.3215890090840843	-0.022571605284095818	-0.0010920646481606083	0.08135368011193382	0.17777842995479615	0.013373314358847551
6.092064212585758	1.3133776660903471	-0.021807279604096272	-0.0009827061543439984	0.07852023314316438	0.17729808320024945	0.012510213481241796
6.2215624412646395	1.3056769004471855	-0.02117281680794725	-0.0008848217156121214	0.07589759412553601	0.1765979802268812	0.012871455897742835
6.353813397204065	1.2982226463884614	-0.020702157810075377	-0.0007803435303291018	0.07339447260930883	0.17510874479593355	0.011305571447920784
6.488875594774836	1.2906181289708176	-0.02065704016023955	-0.0006049819972551348	0.07090161728637039	0.17271148900888367	0.010959778608042661
6.626808792180235	1.2832081242907383	-0.020262353099995134	-0.00040406261524023615	0.06845337861341233	0.17008613293283337	0.010198734909925147
6.767674017896025	1.2758229626041366	-0.01970310006302339	-0.00026416851608838997	0.06601349938145698	0.16767534224943553	0.0101506889544046
6.911533597672457	1.268702011168224	-0.018863131837263618	-0.00019361009138850138	0.06365225629120434	0.1667879767992138	0.009029421709288206
7.058451182110272	1.2617574501250075	-0.018394280478370002	-0.0001152037919338988	0.06140234973550888	0.16708618969647476	0.00901014197475848
7.20849177482288	1.255133937939219	-0.018365108299949175	-7.543200856223372e-07	0.05931305330773586	0.1676234144563965	0.00884293595455467
7.361721761197177	1.2489379091556418	-0.01823704034111037	0.00017139032992333398	0.057366146281482046	0.1689676408691776	0.008266545641784919
7.51820893776572	1.242940727273863	-0.01801165287364848	0.00036457906976825185	0.05548620997397203	0.17123277090745556	0.008084713064464918
7.678022542203279	1.236978747983771	-0.017637165758272948	0.0005330046745810902	0.05361726923528604	0.17367224834296577	0.007670161834152481
7.841233283961012	1.2310915698030047	-0.017115535893123195	0.0006295530456658245	0.051774286487656314	0.17607902504870887	0.007048759176492555
8.007913375551812	1.2252705351386948	-0.01640365604875864	0.0006590551305109139	0.0499526142969766	0.17787905335426615	0.00695400944769847
8.178136564500722	1.2197964994363912	-0.015388658726751131	0.0006447140869544464	0.04823202579063606	0.1796367510384931	0.006781986285073632
8.351978165974476	1.2145979629333752	-0.014480554635707087	0.0005846589366888924	0.046619660194480765	0.18152702323409536	0.0065969642313339644
8.529515096104651	1.2097734001088958	-0.013683821929633981	0.0005087245858205776	0.0451428762558306	0.18413972305802662	0.00635162184796848
8.710825906019195	1.2052831487562352	-0.01269138015717381	0.0004590393300012781	0.04376486287964418	0.1885790364353393	0.006024421450804209
8.895990816597315	1.2007002361400203	-0.012030044872598813	0.0004499338412615607	0.04239125491999385	0.19432875895364926	0.005689789353709992
9.08509175396317	1.1959068287919992	-0.011665251482124906	0.00046019854656764584	0.04098463028861203	0.19963214693530074	0.00568145245735882
9.278212385734054	1.1912098981130426	-0.011402070075748151	0.0004569546694373714	0.039623646625139015	0.2056001775878931	0.00538892051221898
9.475438158039077	1.186855063016995	-0.010930931018531586	0.00042424421370673465	0.038360447475888904	0.21212915205079133	0.0051578039913783074
9.676856333324777	1.1825779383449935	-0.010486279471107297	0.00037553062675357954	0.037131135650229276	0.21946216234236482	0.004750540393967159
9.882556028964345	1.1782740429957554	-0.010183146208708787	0.0003028641029684598	0.035912027006133926	0.22803033260316838	0.004670833374392812
10.092628256687545	1.1744238871264636	-0.009857478572636854	0.00022211552384961998	0.0348292343572047	0.23666575841769064	0.004720445168851402
10.307165962848844	1.1707769132266115	-0.009862653859440056	0.0001596965821414897	0.033827569356649996	0.24471533061305473	0.004359129482680723
10.526264069551438	1.1673375133919497	-0.00975645018976996	0.00010236402713510631	0.03288286450572686	0.25361314424532844	0.004171683590585326
10.750019516645532	1.1638854960329845	-0.009777984983681046	6.384727819289571e-05	0.031946130106645355	0.2636922414954671	0.004133390116537752
10.978531304619308	1.1600780032090028	-0.010360790355012377	3.108345208921473e-05	0.030945948380493103	0.2711944961695912	0.004022462959121904
11.211900538401629	1.156094070095323	-0.010989860688761953	-3.513507457524107e-05	0.0299074041025119	0.2793563092435232	0.003730163634184809
11.4502304720959	1.1520817063707123	-0.011751146700576209	-0.00014963847874794	0.028874086442457796	0.2905785498911558	0.003701195336367192
11.693626554664771	1.1482453542302804	-0.01243459120429552	-0.0002939759829271019	0.0278900369876005	0.30162552609090226	0.0036046970936571177
11.942196476585975	1.1447418445493556	-0.012580575133288396	-0.00042834507282162547	0.026977190286487707	0.31229232715117644	0.003492160231566052
12.196050217499952	1.1413554872386638	-0.012287904895859639	-0.0005074482790423196	0.026085295586475037	0.3241931697183546	0.0033509477531440944
12.45530009487027	1.1379458361544061	-0.011991093793979168	-0.0005165109325249772	0.02519676145413109	0.33912837783142613	0.003160941839488339
12.720060813678415	1.134564926258723	-0.01249250455543586	-0.00046694753631898374	0.024354010516623326	0.3572042152040775	0.003238861991299352
12.990449517175	1.1313845587541165	-0.012903236120104177	-0.00039994508613009657	0.02356503281287146	0.3689319268198782	0.002948761872547597
13.2665858387097	1.128523419305716	-0.01256399147994325	-0.00034127629021688075	0.02283573672553534	0.3745774564847452	0.0028979156492696155
13.54859195466297	1.1257679788091401	-0.012407788378794325	-0.000278577264796713	0.022144746778075992	0.3764009502063352	0.0029284703239960044
13.836592638502953	1.1230296844736498	-0.012283448739846277	-0.00022356647153581738	0.021464511481621557	0.3716019352501235	0.002690749903618335
14.130715315991422	1.120373455256436	-0.012218611511097694	-0.00021071463944571486	0.020811104473426788	0.3658800413247587	0.0025133185432745643
14.43109012156323	1.117740627625639	-0.012121685364572324	-0.00022370972217246703	0.02016758968471486	0.3638021776780326	0.0023975436736029163
14.737849955904268	1.1150451376735708	-0.01200893730434529	-0.00023823274940695642	0.019514628907715537	0.362721380501967	0.002209002806242632
15.051130544753258	1.1125107809475023	-0.011329655172791418	-0.0002444387023943326	0.018889782127197587	0.36351384532714776	0.002144419099983937
15.371070498953586	1.1101187686843896	-0.010532020374140666	-0.00022468765131067187	0.018301333051322217	0.3703178144167775	0.0020856559515491217
15.697811375781582	1.1078061159347705	-0.009821332594330478	-0.0001721687472419457	0.01773968019351289	0.3798953073980015	0.0020018347490938365
16.03149774157845	1.1056019760396503	-0.009180266260620238	-0.00011308314700285687	0.017209846909366524	0.391702094869533	0.0019071498331562063
16.372277235713607	1.1033786412963755	-0.008929325893451343	-4.9525661965158074e-05	0.01669039584897923	0.4000242884885753	0.0018404476242885504
16.72030063590765	1.1010741424584456	-0.00901908675432012	2.0363251034753523e-05	0.016165814123968284	0.4027651729355422	0.0017785171267300525
17.075721924943828	1.0987902290070117	-0.009162756512084652	7.583579528374287e-05	0.015651546874894708	0.4023078956370987	0.001721606024639274
17.438698358797726	1.0965182983548265	-0.009197918013918664	0.00011631680239327987	0.015142146792686896	0.3994652315371234	0.0016186993923546298
17.809390536215066	1.094404102652247	-0.008931508174336219	0.00013511768421188073	0.014665069231744947	0.3965362892252563	0.0016368083463345897
18.1879624697685	1.0925417091716374	-0.008511751865595154	0.00015475554737539004	0.01424278958664504	0.39563104365830637	0.0015036844696260142
18.574581658424965	1.0906938900261585	-0.008141590115057239	0.00018105851501918333	0.013828388801275033	0.3966635552770709	0.0014292099495588162
18.969419161655473	1.0887636462792543	-0.008024549843249492	0.00021612163157507962	0.01340569606020745	0.40064077052212477	0.0014333109424435931
19.372649675120293	1.0867840857259061	-0.00816137435888782	0.0002636034346752148	0.012981483203151005	0.40985770062097887	0.0013850674142313426
19.78445160796298	1.0848923397572094	-0.008354424109056553	0.00031521741589639384	0.012579790480917081	0.4213019810459711	0.0014068267581680313
20.205007161747403	1.083087840469309	-0.00827335863014299	0.00035169454759102547	0.012194665567105611	0.4301269184001592	0.0013363087474192827
20.634502411072727	1.0812912529469263	-0.007757842292387784	0.00036850299634262536	0.011808032473762687	0.44017987078571186	0.0013105473153094385
21.073127385902044	1.0795824796672655	-0.006924801703389444	0.00037031407499490607	0.011438060909138292	0.4554420145781078	0.001238343326536198
21.521076155641044	1.0778697662447285	-0.006265780948163536	0.00036297857208012174	0.011074699011572292	0.47674099786744734	0.0011956305495820054
21.978546915003886	1.0760602052669936	-0.0059106884236409364	0.000347706721570923	0.010701953622699921	0.49819934071410965	0.0011784824081638417
22.445742071704423	1.0743195153370162	-0.005635198544561377	0.00031253039765976806	0.010348423467559487	0.5129861070685494	0.0011608084139246068
22.922868336011316	1.0727394736758078	-0.0050390403372643595	0.00026456938595770723	0.010024675509846582	0.5301627789364686	0.0011280252565428939
23.410136812206957	1.0711622393971838	-0.0046234210467196455	0.00021760537734091814	0.009707571944034737	0.5546777556318915	0.0011244391900930362
23.907763091990436	1.0695925360498764	-0.00422754784187729	0.00018232276779142477	0.009395291638679837	0.584674664474789	0.001114680616705797
24.415967349865944	1.068048930087346	-0.003993394624963653	0.00014892007304115258	0.009093423803016039	0.6148795115201044	0.001081746049148719
24.934974440558936	1.0665855607529173	-0.0035483650385785834	0.00010785218043145347	0.008806621678154667	0.6401641312203593	0.0010530212309839708
25.465013998502968	1.0651271596484528	-0.003175718937853876	6.800876190986416e-05	0.008524704862619215	0.6630655935713025	0.0010175304517775741
26.006320539441305	1.0635943454030619	-0.002756704101079267	4.4217670463092855e-05	0.008231836249050198	0.6822207715774137	0.0009908731826267403
26.559133564188365	1.062068868178671	-0.0021059213022882614	3.513790817644078e-05	0.007940622955002792	0.6978876444270944	0.0009314672245418449
27.123697664596694	1.060635647027149	-0.0012437678990791642	2.4093353494807493e-05	0.00766648937340681	0.7138568500442646	0.0008872092216564709
27.7002626317765	1.0592373588484962	-0.00040674620184518145	-5.633904637866952e-07	0.007402031811825809	0.7330622953896268	0.0008725033677990062
28.289083566615645	1.0578591608385777	0.00033186018176995495	-4.3861476128544176e-05	0.0071451940657693246	0.7477607403986541	0.0008415070186872663
28.8904209926489	1.0565062684335813	0.0008429189426185026	-8.999358810842614e-05	0.0068980834397111	0.7582165526162631	0.0008077617162694348
29.504540971326406	1.0551861575253458	0.001278144256386509	-0.00012442901228091474	0.006660147207050056	0.76461372947969	0.0007714665455861394
30.131715219732516	1.0538891794298846	0.0016584635263276973	-0.0001501702342043456	0.006429412381544739	0.7674986594502211	0.0007423045399188866
30.772221230806835	1.052627945398183	0.0020219059188419197	-0.00016096524638285195	0.006207720379876062	0.7652101382681051	0.0007078423348103449
31.426342396120805	1.0514065575457376	0.002086744532258794	-0.0001523991582637918	0.005998865348603424	0.7516985016118254	0.0006546521267894053
32.09436813126426	1.0501998642382462	0.0017946036625631442	-0.00012492770786232002	0.005798796952486991	0.7231150374590491	0.000605660205520236
32.7765940038971	1.048986641042812	0.001345171965256635	-8.949216252352394e-05	0.005601177615643507	0.6911757802971391	0.0005619905555599137
33.47332186452317	1.047788098195816	0.000900025814784445	-5.8510843376280367e-05	0.005407504604242766	0.6624635961145616	0.0005223960758294967
34.18485998004379	1.046612440715031	0.0005115114368671103	-3.9263867172844254e-05	0.005218579780738277	0.6422891596095833	0.0004880897406508719
34.911523170150296	1.0454482750251206	-1.6191446251841992e-05	-2.6296275804241957e-05	0.0050344401855848256	0.625855566314049	0.0004516271535519852
35.65363294661591	1.0442943365560282	-0.0006234384460734945	-1.669936957143163e-05	0.0048542277892699185	0.60806921637031	0.00042348548641651186
36.41151765554844	1.0431898083018472	-0.0012488978920707078	-3.9798708997055075e-06	0.004683607288459529	0.5895202601850527	0.0003924937976153871
37.185512622666806	1.0421517838638317	-0.0018500739187339182	1.1755451736652217e-05	0.004524751197693988	0.5730396022816252	0.0003702575721704772
37.97596030166584	1.041141551737593	-0.0024494079668819276	2.4929616902545948e-05	0.00437152568279079	0.5594255637750533	0.0003383959935909033
38.7832104257347	1.0401496237623242	-0.0028859175525356704	3.190001007995416e-05	0.004221225418612173	0.5474457767864245	0.0003117194277546344
39.6076201622961	1.039153267946431	-0.0034518727528291587	3.4387189977440126e-05	0.004072489703695291	0.5295775102963941	0.0002720805012613964
40.449554271034955	1.0381287594668465	-0.003812172766094795	3.214175693443769e-05	0.003919274627896445	0.5077782642803916	0.0
41.30938526528609	1.0370807472807342	-0.004073899996180667	2.6369061209393773e-05	0.0037631552465174174	0.49049806930188666	0.0
42.18749357685253	1.0360877488541023	-0.004337373543118594	1.8585516032677078e-05	0.0036168965064808183	0.4773565031000953	0.0
43.08426772432745	1.0351625154983135	-0.004473657059308145	1.1070951559496426e-05	0.003481518142621438	0.464736400272931	0.0
44.000104484994004	1.0342535872858092	-0.004662496596469285	8.699187109218743e-06	0.0033501367316166324	0.45201445072597385	0.0
44.93540907037918	1.0333523416910706	-0.004793533190276757	1.4131750523025781e-05	0.0032206953996266117	0.4396397619457945	0.0
45.89059530553955	1.0324804812577815	-0.004934434519191312	2.3472648455935773e-05	0.0030968482464033375	0.42883114456595034	0.0
46.866085812157905	1.0316543925779806	-0.005218230017050194	3.151601455902868e-05	0.0029817447436083088	0.41890290198726393	0.0
47.86231219553197	1.0308637949278385	-0.005724520270156162	3.5841527869694934e-05	0.002874094660743448	0.4088532295925409	0.0
48.87971523553807	1.0300989405013312	-0.006366342198912699	3.781863725346604e-05	0.002771754032283732	0.3985585943328916	0.0
49.918745081653825	1.0293571567410948	-0.006994844669327833	3.9771654326151884e-05	0.0026734247595662543	0.38876290471958447	0.0
50.979861452126706	1.0286371429406331	-0.007481390941356347	4.2060542626088174e-05	0.0025782797592241846	0.38024438710223346	0.0
52.063533837376106	1.0279201201695116	-0.007820581268369497	4.2773592780455254e-05	0.0024835964284529366	0.37314369521302304	0.0
53.170241707719036	1.0272027512718573	-0.00815518073339676	4.016933714404465e-05	0.002389575537995462	0.366643399866433	0.0
54.30047472551171	1.0264905630647798	-0.008651095323947727	3.6802511475544946e-05	0.0022976202153974466	0.3593912458036167	0.0
55.4547329618003	1.0257940415136066	-0.009344963231439275	3.568882725153484e-05	0.0022092238734553876	0.35094187633343277	0.0
56.633527117577195	1.0251331970606066	-0.010003192796911002	3.563147774255216e-05	0.0021263323679568532	0.3420987091439607	0.0
57.83737874974024	1.024499758607803	-0.010560577617778939	3.453342236618582e-05	0.0020475185593626616	0.3336196812839527	0.0
59.06682050185565	1.023874379182327	-0.011099303534513529	3.202532564695982e-05	0.001970253486607463	0.3254334571852988	0.0
60.32239633982556	1.0232601828938233	-0.011722281298951417	2.8992103112869835e-05	0.001895255531528227	0.3168463199024621	0.0
61.604661792565594	1.02266620784919	-0.012386860607934933	2.6273335850377254e-05	0.0018236119660319044	0.3078785136876725	0.0
62.914184197798555	1.022093624060041	-0.012846605742482824	2.4184376895095144e-05	0.0017548001568336727	0.29986389777103484	0.0
64.25154295307237	1.0215389987097017	-0.013111403087905028	2.2421967670921312e-05	0.0016884203014462494	0.29317884672209477	0.0
65.61732977211447	1.0209959733020582	-0.013286268600962606	2.048390134059267e-05	0.0016238571692652258	0.2872884088562756	0.0
67.01214894663535	1.0204590343638162	-0.013447921792176062	1.8255260250087916e-05	0.0015604989257242256	0.28180226028120814	0.0
68.4366176136968	1.0199305790810496	-0.013593226311969672	1.5649150854520236e-05	0.0014986570313877332	0.27650035493076713	0.0
69.89136602876411	1.0194144732734982	-0.013685334035887859	1.2849484492936676e-05	0.0014387789610336025	0.27150271179119706	0.0
71.37703784456245	1.0189275632222787	-0.013598813736962364	1.0328515993645328e-05	0.0013829847322945424	0.2670567100097973	0.0
72.89429039586037	1.0184747167200308	-0.013289829244012466	7.97212725034071e-06	0.0013318694991850994	0.2632520404083041	0.0
74.44379499030735	1.0180409127603496	-0.012784295241147207	5.777717722090492e-06	0.0012833440369790455	0.260068951291662	0.0
76.02623720545382	1.0176114945186319	-0.012166178661450738	4.010952674274858e-06	0.0012354894636938097	0.2572829527489673	0.0
77.64231719208418	1.0171828469932715	-0.011550670023570601	2.7979460610621435e-06	0.0011880004607612387	0.25444778870055107	0.0
79.29274998399838	1.0167539844735067	-0.011076136717254784	2.4239692154010737e-06	0.001140982719073372	0.25091065295675374	0.0
80.97826581437847	1.016331709494602	-0.010719067817136852	2.65433697568907e-06	0.0010953150580170078	0.24668204834559668	0.0
82.69961043887953	1.0159238190549702	-0.010374939745309102	2.7939740280867854e-06	0.0010518593161422574	0.24213779226456844	0.0
84.45754546558906	1.015533662213859	-0.009965412293291627	2.5444710732205106e-06	0.0010109121835459765	0.23763045676677513	0.0
86.25284869200037	1.0151661318025276	-0.009478104673801113	1.1978624309722643e-06	0.0009730979081731737	0.2334194909821287	0.0
88.0863144491482	1.0148214978889936	-0.008876145666030705	-1.717560559054257e-06	0.000938341508793043	0.2295882126781213	0.0
89.95875395306041	1.014493341431234	-0.008133150369131596	-5.5097472035315e-06	0.0009056587687832063	0.22640240843764178	0.0
91.87099566368023	1.0141717392925227	-0.007328794941437089	-9.035688111101435e-06	0.0008738098326147312	0.2237249268403559	0.0
93.82388565141763	1.013853958729576	-0.0065013434859411455	-1.1605752482757142e-05	0.0008424926483819542	0.22112617285507521	0.0
95.81828797149282	1.0135420842657743	-0.005658668021285085	-1.3182641786772688e-05	0.0008119995070755353	0.21867192102263527	0.0
97.85508504623752	1.0132364559745983	-0.004830119308558457	-1.3926368672580413e-05	0.0007824242456290659	0.2162018832386332	0.0
99.93517805552158	1.0129351593094589	-0.004098369353228019	-1.3870751286186916e-05	0.0007536759523361791	0.21340394753563532	0.0
102.05948733547996	1.0126357484324793	-0.003472146255232042	-1.31483825404005e-05	0.0007254512332018108	0.21015726265932372	0.0
104.22895278571524	1.0123384321748605	-0.002904121490236607	-1.2293089992580686e-05	0.0006976707346258381	0.20652932067434435	0.0
106.44453428515517	1.012046805927722	-0.0023455257246151667	-1.1542826886092245e-05	0.0006706940875909001	0.20262574915019485	0.0
108.70721211675094	1.0117667431977153	-0.0017618120556771304	-1.081932784472002e-05	0.0006452052414357927	0.19853455081966992	0.0
111.01798740120313	1.0115004538133756	-0.0012107290742814697	-1.0001300018810378e-05	0.0006215978051044722	0.1941487040665057	0.0
113.37788253990658	1.0112408703531979	-0.0008105857441893166	-8.90510422464761e-06	0.0005991924726171621	0.18912213791455484	0.0
115.7879416673116	1.010981250090543	-0.0006068815947305751	-7.5961891794473825e-06	0.0005772031738591356	0.18327626106968137	0.0
118.24923111290109	1.010720237862915	-0.00043384090363190645	-6.0232320418554565e-06	0.0005550972365321807	0.17718189062806966	0.0
120.76283987298685	1.010458676234395	-0.00019655312487264475	-4.507845920012061e-06	0.0005327791279575769	0.1713495094897642	0.0
123.32988009253596	1.0101969618797175	7.42067406665469e-05	-3.3209491693112514e-06	0.0005103573808742108	0.16581329558990646	0.0
125.95148755723847	1.0099354219234735	0.0003796562395735274	-2.6668436821148237e-06	0.0004878603342339485	0.1604337735061546	0.0
128.62882219603569	1.0096773674263018	0.0005551090580182213	-2.5605009120383217e-06	0.0004660398845818293	0.15467445901636662	0.0
131.36306859432958	1.0094309121293377	0.0005710977067120529	-2.6963245285819683e-06	0.00044599124578826834	0.14842667110203045	0.0
134.1554365181022	1.009199286200922	0.0005520265395865503	-2.843239699225393e-06	0.0004278684488200677	0.1420819334079995	0.0
137.00716144917655	1.0089796832230684	0.0006362707100044179	-3.0459661761338967e-06	0.00041102855039312726	0.13623912828539816	0.0
139.9195051318541	1.008770392307694	0.0009005264575879864	-3.0959900281343643e-06	0.0003951041105568157	0.13132113052323402	0.0
142.89375613117335	1.0085706288363507	0.0013007272121051611	-2.7032763061885142e-06	0.0003800766779421775	0.12727390568676633	0.0
145.93123040303516	1.0083786672133535	0.0018180117956770087	-1.9702407724939535e-06	0.00036574656233756385	0.12395660420920812	0.0
149.033271876446	1.0081888405242978	0.0023421490420600048	-1.2201983464799315e-06	0.00035159132908155205	0.12085424377459299	0.0
152.20125304813917	1.007999274098801	0.0028439077201625643	-7.495793878089568e-07	0.00033742728509011705	0.11771541422324343	0.0
155.43657558983557	1.0078147791315384	0.003375124225726518	-4.546566641965826e-07	0.0003237606791966952	0.1148419297368837	0.0
158.74067096841193	1.007641080657479	0.003991093949862068	-2.0365183098637891e-07	0.00031119654922033866	0.11251231277716081	0.0
162.11500107925306	1.00747881224657	0.004673732237576999	-4.060212263933941e-08	0.0002998333576016408	0.11057057773680273	0.0
165.5610588930672	1.0073251423153662	0.005386970678672819	1.1671263069844168e-08	0.000289368618152571	0.10869766831031309	0.0
169.08036911644916	1.0071786192114243	0.006108137731920123	8.04945666963279e-08	0.000279653387616591	0.10681657586904256	0.0
172.67448886648666	1.0070406994773369	0.006912837883144854	1.0118404651385484e-07	0.00027068170414190645	0.1051376941972979	0.0
176.34500835970627	1.006912449971886	0.007906622926057504	3.759936771542365e-09	0.00026230429130252674	0.1040012397656477	0.0
180.0935516156632	1.0067936314336017	0.009103717473144294	-7.449474295099466e-08	0.0002543927444527681	0.1034561242820435	0.0
183.92177717548824	1.0066810153754733	0.010421376128778017	-4.44987902318149e-08	0.0002466922750508934	0.10333100715600405	0.0
187.83137883570922	1.006568755890335	0.011733189493481027	-7.95198142245093e-08	0.00023879936804326214	0.10322307699721933	0.0
191.82408639766916	1.0064576085506063	0.01297945539047239	-1.3154939811918685e-07	0.00023098014539006036	0.10274232688470615	0.0
195.9016664328767	1.0063508659458773	0.01413451058652002	-6.805930399563644e-08	0.00022371722670676224	0.10181474660284118	0.0
200.0659230646254	1.0062465844574613	0.01518020238878615	4.309728973257105e-08	0.00021685844027494484	0.10039008945609908	0.0
204.3186987662259	1.0061409070089977	0.01615765454771748	1.676350838131455e-07	0.0002098667792089684	0.09860010973879822	0.0
208.66187517620816	1.0060324959916547	0.01711352515874694	2.40697804762396e-07	0.00020247532165626123	0.0964953972751393	0.0
213.09737393085177	1.0059206762121773	0.018029325396823972	1.6330900481531486e-07	0.000194680519186588	0.09394883204605162	0.0
217.6271575144122	1.0058054538286962	0.01887374923169942	1.6336624051365338e-07	0.00018659529956299088	0.09095530695570722	0.0
222.25323012742126	1.0056890772416378	0.019615534652837757	3.652290416147367e-07	0.0001785886875257303	0.08749220205741386	0.0
226.97763857344535	1.0055728963297346	0.020283529785896273	5.499962983366827e-07	0.00017073388323057004	0.08371816810431507	0.0
231.80247316469158	1.0054548707069806	0.02084464721187884	4.983556241779611e-07	0.0001629193602624682	0.07960110210773672	0.0
236.72986864686587	1.0053347658332608	0.021296349057107103	2.3793430287448907e-07	0.00015513470226740059	0.07515531157495027	0.0
241.7620051436908	1.005214078378838	0.02174205434145087	1.1189633551473755e-07	0.0001471934250250213	0.0705780341148037	0.0
246.9011091214991	1.0050961541307275	0.022178896710806646	3.678253534058317e-07	0.00013948315676050703	0.06591962027170421	0.0
252.14945437433312	1.00498239206963	0.022516339813813343	7.942325816487814e-07	0.0001324964338293242	0.06106916547588206	0.0
257.5093630299846	1.0048700268918251	0.022691665426672853	1.0970037756455067e-06	0.00012615135935586897	0.05612724140341319	0.0
262.98320657741766	1.0047543983679283	0.02260738848966107	1.2444819867712961e-06	0.00012025411604176691	0.05109931313190638	0.0
268.5734069160339	1.0046396672477513	0.02243924270668525	1.2513368589163699e-06	0.0001146516388307566	0.04624808815238683	0.0
274.2824374272398	1.0045332650153536	0.022416049206057016	1.1147267607737531e-06	0.00010941074547462559	0.04188306313045783	0.0
280.1128240687946	1.0044369560268027	0.02258313803048595	8.659937729308234e-07	0.00010459279252951768	0.03805630427457112	0.0
286.0671464924173	1.0043489669924057	0.022914981792366104	5.611100217550196e-07	0.00010007530076779361	0.034732528081681015	0.0
292.148039185153	1.0042653654318112	0.023333961537706636	2.634980262259658e-07	9.565476936364507e-05	0.03179505969109952	0.0
298.35819263500116	1.0041848579992887	0.02381010720272951	-2.7835447650474407e-08	9.127573504368989e-05	0.029143723870433805	0.0
304.7003545213196	1.0041062529583091	0.024287522469875214	-2.951462905474007e-07	8.699672527671788e-05	0.026686370536327768	0.0
311.1773309305339	1.0040294548781947	0.02473989188825415	-4.829877224468658e-07	8.290800696936595e-05	0.024391371414820402	0.0
317.7919875976906	1.00395702524571	0.02522693414176503	-5.672713482820158e-07	7.90980593849619e-05	0.022290346643699704	0.0
324.5472511743979	1.0038918721049745	0.02583303659115566	-5.927770338646006e-07	7.558922368300996e-05	0.020420636370144584	0.0
331.44611052372255	1.003834717095826	0.026585247769466466	-5.963051281655742e-07	7.234104866735176e-05	0.01878516302133461	0.0
338.49161804261155	1.0037846006795617	0.02746843416604355	-6.144967855010082e-07	6.926281590952651e-05	0.017351123898152316	0.0
345.6868910124219	1.0037398339359744	0.02842931462502594	-6.600782128496261e-07	6.633561579854521e-05	0.016056391294881636	0.0
353.0351129781612	1.0036978044170484	0.029396803346323518	-6.908953881337955e-07	6.352243553864346e-05	0.014844709207821116	0.0
360.5395351570464	1.0036592228272128	0.03037860238229507	-6.648065539036151e-07	6.087682766262712e-05	0.01370759412774942	0.0
368.2034778770015	1.0036263057066026	0.031429858939021504	-5.30964337193335e-07	5.841710045779683e-05	0.012658828142430826	0.0
376.0303320457358	1.0035999152537722	0.03257316612787539	-2.8650667624188127e-07	5.611837458338414e-05	0.01170453553667394	0.0
384.0235606510506	1.0035826668766203	0.03387104476977587	-3.076827684184232e-08	5.396356221384267e-05	0.010857609389755095	0.0
392.1867002930343	1.0035755975829967	0.03534262523133058	1.474733852116314e-07	5.19158004218757e-05	0.010115176786703785	0.0
400.52336274883027	1.0035772521732766	0.03693341500863034	2.3180626104315482e-07	4.999227051891127e-05	0.00944717433136284	0.0
409.0372365706672	1.0035866448044988	0.03861048179093985	2.533604562405863e-07	4.818328808928089e-05	0.008822004068540171	0.0
417.7320887178549	1.0036043330179472	0.04037669524688522	2.6911054519860744e-07	4.649062854002073e-05	0.008225259594535385	0.0
426.61176622347483	1.0036303207087736	0.04222590616279751	3.141083356463599e-07	4.489468774862647e-05	0.007653796310985034	0.0
435.680197896499	1.0036648481958867	0.04415370044734206	3.8089058982612826e-07	4.339738693412934e-05	0.007106208264886304	0.0
444.94139606008747	1.0037083672306855	0.04616299037998298	4.5138684496212996e-07	4.1982527415423596e-05	0.0065828430392664405	0.0
454.3994583268396	1.0037615307527579	0.04826480712609475	5.06233186382554e-07	4.060202384380054e-05	0.006083909244701537	0.0
464.0585694117823	1.00382518162566	0.050461230866609516	5.450651895257902e-07	3.927691249559606e-05	0.005608898230687587	0.0
473.92300298389256	1.0039000033678909	0.05274592402945187	5.776348546238877e-07	3.8060008608486053e-05	0.005158610944986417	0.0
483.9971235569814	1.003986539760222	0.055124583433876315	6.113046666251272e-07	3.6905799813149074e-05	0.004736084561390739	0.0
494.2853884207723	1.0040855334996224	0.057601600993109424	6.455708956216249e-07	3.5793846324150254e-05	0.004343759934422251	0.0
504.79234961302393	1.0041980130248995	0.06017602404208263	6.730470368046698e-07	3.476831348422395e-05	0.0039821123348535645	0.0
515.5226559335789	1.0043226044667963	0.06282782406297785	7.002845407209456e-07	3.374236393774202e-05	0.0036494386968716043	0.0
526.4810550012237	1.0044594788788352	0.06554119161733918	7.524896741098863e-07	3.279203354243767e-05	0.003344232528032742	0.0
537.672395354268	1.004607187375017	0.06829911311378684	8.53782826000011e-07	3.18381337413372e-05	0.0030669189822087016	0.0
549.1016285957794	1.004762740135607	0.07104819745144572	9.819700806788014e-07	3.09530215093499e-05	0.002820991889186203	0.0
560.7738115844189	1.0049195658056018	0.07372443601437643	1.0853059682694523e-06	2.9972559081751276e-05	0.0026101664748095646	0.0
572.6941086718433	1.0050730144416669	0.07626352489054246	1.1611035237998282e-06	2.9013326047963488e-05	0.002432104514194563	0.0
584.8677939876711	1.0052204158736644	0.07865696920240643	1.2140518719351989e-06	2.7974577768972717e-05	0.0022800284729673384	0.0
597.3002537730185	1.0053651618976485	0.0809404277819763	1.234415760666987e-06	2.7005117654738026e-05	0.002146827526368528	0.0
609.9969887636405	1.0055091212456218	0.08314908835999568	1.2196002640143547e-06	2.6057993503632835e-05	0.002027099266795963	0.0
622.963616623726	1.0056550052785318	0.08531806682221402	1.172666910094762e-06	2.5141645843040122e-05	0.0019178440597656704	0.0
636.205874431432	1.0058039172223616	0.08746262397316353	1.1095917473783677e-06	2.4252389875709266e-05	0.0018181253480355753	0.0
649.7296212172528	1.0059540589091955	0.08957284871951889	1.0437041355249393e-06	2.3315254567905428e-05	0.0017277595540071118	0.0
663.5408405563417	1.006107573013352	0.09165333842300512	9.759383478615813e-07	2.2527364079625948e-05	0.0016457530682996637	0.0
677.6456432159428	1.006262216294103	0.09372143214325632	9.092991714075307e-07	2.1506199870910072e-05	0.001570265110850437	0.0
692.0502698590983	1.006424522161867	0.0958012727232222	8.525234699352688e-07	2.0684141242395676e-05	0.0014995880994400342	0.0
706.7610938058239	1.0065986665905422	0.09794254972776213	7.951485235031288e-07	1.996971437047856e-05	0.0014310107847797873	0.0
721.7846238529822	1.0067861556798545	0.10018512238545822	7.19414165290951e-07	1.9061591297901626e-05	0.0013632924794950438	0.0
737.1275071540994	1.006988651493092	0.10251908521044874	6.439775817926185e-07	1.8167450870984395e-05	0.0012963715135408784	0.0
752.7965321603904	1.0072065497693174	0.10493433226724572	5.901422738136353e-07	1.7376088414384434e-05	0.0012302692757613567	0.0
768.7986316243083	1.0074417453469051	0.1074424150366943	5.566832808341337e-07	1.6694940559683055e-05	0.0011657080102429485	0.0
785.1408856669394	1.0076971917049942	0.11007382037174206	5.11926632526355e-07	1.6007975888048242e-05	0.001102990705683451	0.0
801.8305249105945	1.0079736643055561	0.11282277143781078	4.6169896569982155e-07	1.5367361213513267e-05	0.0010426770317889383	0.0
818.8749336779972	1.0082682088959485	0.11564777957498287	4.1303482135161683e-07	1.487557549371571e-05	0.000985205489984393	0.0
836.2816532594753	1.0085762819303734	0.11850857120192224	3.5791222204266846e-07	1.4498922850709903e-05	0.0009305482282824703	0.0
854.0583852495972	1.0088983730596561	0.12142960483486702	2.911637803578207e-07	1.395426147054598e-05	0.0008791197601674773	0.0
872.2129949547406	1.0092411800653667	0.12445358301689492	2.2062314126431577e-07	1.3324652176301502e-05	0.0008299968835803038	0.0
890.7535148730954	1.0096082574129084	0.12758933217074708	1.5209234692695352e-07	1.2762715056766252e-05	0.0007840887538273619	0.0
909.6881482486348	1.0099986964788417	0.13081601981614208	9.826690559868867e-08	1.2353436386844288e-05	0.0007386083177051668	0.0
929.0252727006381	1.010412261329121	0.1341410745976688	5.448080820841731e-08	1.1888569948151536e-05	0.0006976168184578182	0.0
948.7734439303673	1.01085062001349	0.13757421857373894	1.6522760747502336e-09	1.130773494809904e-05	0.0006526648317442007	0.0
968.9413995065278	1.0113213258694451	0.1411296328445745	-8.143985602335355e-08	1.1057361205362769e-05	0.0006184991619229097	0.0
989.5380627312036	1.011803059623144	0.14471440956889156	-2.2022632508146084e-07	1.0236173031513193e-05	0.0005588909916897879	0.0
