320	1.3479852726768764	2.0442013096463136	10.0
1.2060632897411108	nan	nan	nan	0.004444797819056299	0.0
1.231700422615291	nan	nan	nan	0.004596986659835755	0.0
1.2578825207393043	nan	nan	nan	0.0040383208228558206	0.0
1.2846211683696658	nan	nan	nan	0.00364591752713531	0.0
1.3119281960079476	nan	nan	nan	0.0033781734729905802	0.0
1.3398156856351784	nan	nan	nan	0.003192369673083495	2982587423192.1387
1.3682959760575104	-0.9530627415620976	0.03994286295981963	0.163126091911316	0.0030467541185993127	17650792847317.04
1.3973816683655171	-0.8917293822771849	0.05721788671830414	0.24483684906371503	0.0029408173373724417	11170353833355.941
1.427085631509541	-0.8345872684985923	0.06625324871710113	0.2987077973646066	0.0028459035778170983	10455523349717.898
1.4574210079935537	-0.7816068623108257	0.07122195975530758	0.3393831334036447	0.0027649551929355342	9702619219074.504
1.4884012196900498	-0.7319936241527005	0.07373429559627917	0.3720642434931117	0.0026904788378044864	8950186506831.771
1.5200399737785493	-0.6853920916710039	0.07454334075567783	0.39927954985276504	0.00262470081242816	7996153983856.042
1.5523512688103307	-0.641481529536031	0.07396550620856987	0.42267599347897955	0.002567444472290628	8167472325981.161
1.5853494009020845	-0.6001615302345433	0.07236728747506063	0.44282918996709697	0.0025237304971263887	7500210039750.9795
1.6190489700612232	-0.5618223354086833	0.07044341415134675	0.4594352510105327	0.0024946331181738123	6731327001085.325
1.6534648866456454	-0.5273467358876124	0.06864184569118768	0.4722452667445525	0.002478724470516284	6246901615002.266
1.688612377960819	-0.4966003952940949	0.06697938388964125	0.48210257456547373	0.0024701983956707807	5458089015041.545
1.724506994997094	-0.46865654481749147	0.06512000868482645	0.4898006870877155	0.0024677907151959186	5833348294607.197
1.761164619310229	-0.4426512182169653	0.06273266658854929	0.49585198878928005	0.0024704482131232617	5263604513418.761
1.7986014700481812	-0.417684667437301	0.06000020347780333	0.5008298628744334	0.002473991319310549	5498404531278.989
1.8368341111272566	-0.3943605433414189	0.05740346642216195	0.5045710867871804	0.0024769146981313815	5058877481223.816
1.8758794585608098	-0.3723199496965087	0.05461641249728042	0.5081779613021242	0.0024783034251197244	5061935386498.516
1.9157547879437247	-0.35136595056629594	0.0517972482945551	0.5123620996011679	0.0024763519479779777	4979625286792.612
1.956477742095992	-0.33092158790029463	0.04952226686199335	0.5172415255023433	0.0024713467485360276	4328206176925.003
1.9980663388687678	-0.3110280539233222	0.047551679018003674	0.5221270982473689	0.0024659523539732674	4214420855659.3735
2.0405389791163633	-0.29165178216647286	0.045319539437175045	0.5267418053758061	0.002464297349153145	3807415222953.5747
2.0839144548376907	-0.273895101045226	0.04295592772523072	0.5303302348261484	0.002473753194006404	3518264842623.978
2.1282119574907785	-0.2576717638104957	0.04009677058015067	0.532675443400886	0.0024920785425517223	3411689348452.381
2.1734510864840186	-0.2428857026747852	0.03675455232312049	0.5339841605658567	0.0025095545454510517	2884060263902.058
2.2196518578479187	-0.22945534928139583	0.033904895834937145	0.5331758313766235	0.0025173372994775067	2896396015844.2695
2.2668347130911815	-0.21654701751375635	0.03231972270967709	0.5307818123489157	0.002524575602679298	2779865315490.9434
2.315020528245042	-0.20409140535467546	0.03120288902623906	0.5284788226834469	0.002542492083593165	2582763763285.4536
2.3642306230998593	-0.19261958381231883	0.030346191093923655	0.5274020270655457	0.002579280753400397	2285870628912.952
2.4144867706380433	-0.18238671205175058	0.029802186055904373	0.5269860747962405	0.0026304269969987296	2215279309798.9053
2.465811206667503	-0.1732187461997178	0.029488253273845976	0.5261458793718988	0.002691554254176756	2102358425087.833
2.518226639659869	-0.16491536040659177	0.029630376406663498	0.5251243319835717	0.0027593883827192675	1932842205317.8464
2.5717562607978426	-0.15696480636139942	0.03013742003558166	0.5242698449930606	0.0028416357617929333	1767646111857.4565
2.626423754236128	-0.14976338618395724	0.03111572307954919	0.5235860687786963	0.0029498989042875865	1913030226046.71
2.6822533075804706	-0.14290800407906892	0.031641480695485474	0.5230218350594045	0.0030784243104044506	1702079242955.5413
2.7392696225894535	-0.13648519861217848	0.030921023678955297	0.5216363169645821	0.003203376819625693	1524430746726.7922
2.7974979261037793	-0.1309104415483727	0.02971485188715854	0.5189097614984888	0.003306132438079552	1455609570372.6545
2.8569639812078695	-0.12536087080271768	0.028349032455960623	0.5161061659735925	0.003400832449087823	1402961862809.1455
2.917694098628735	-0.12058401102111187	0.02708643983772761	0.5133678228649792	0.003503233365416675	1305340366871.6113
2.9797151483771382	-0.11582107418358038	0.026059701974503417	0.5109230133374689	0.003622477444500128	1186761965567.4631
3.04305457163622	-0.11063684536123762	0.02506877584946766	0.5089993525492718	0.0037728472993793965	1108362221903.8303
3.107740392902834	-0.10600255053692632	0.0245846345296072	0.5070175682750281	0.003959553809061378	1102126866606.1672
3.1738012323869786	-0.10172175513030193	0.024767594208439013	0.5043167783140193	0.004152726106354593	1200238167165.5352
3.241266318674787	-0.09713264832210523	0.025111719563278175	0.5011317418313557	0.0043583371254220325	1027100742360.7854
3.3101655016607037	-0.09288729312643546	0.025447211916449056	0.49792656664909424	0.00457998507232193	970751010016.1661
3.3805292657545594	-0.08875936074302827	0.025858802396760562	0.4949114308503792	0.004776634730268412	903773276987.0267
3.4523887433693767	-0.08450170864223805	0.026020192397519615	0.4920213023367213	0.004936074541323491	871565064443.7637
3.5257757286958955	-0.08048967995880003	0.025837350487363457	0.4886930799731097	0.0050835416516674765	859251158370.0876
3.600722691769897	-0.07627431413290105	0.025225947425245407	0.4848683431746658	0.005245769432271085	764819361149.3057
3.6772627928385533	-0.07215577324278159	0.024337402315036026	0.48199355290087714	0.005438214741787343	714209217452.2694
3.7554298970321622	-0.0688028775766973	0.02373976117951863	0.48020742974291264	0.005652877538754616	711736800454.6691
3.8352585893477613	-0.06602660785953063	0.023589243329024373	0.47868426322082025	0.005863696806739174	687625090516.0393
3.9167841899512386	-0.06369495172044398	0.02349359384104014	0.47631141391481613	0.00607738572109711	678603895099.9113
4.000042769804724	-0.06146716727987053	0.023155054356980165	0.47269386645471484	0.006325000672042162	608065178227.2393
4.085071166626171	-0.058783921219839615	0.02278980792005595	0.4685644754083383	0.006602186839110184	584112278993.1024
4.171907001188185	-0.05624730630178514	0.02248162241961752	0.4641057153328758	0.0068860103552772734	555816875366.6162
4.2605886939633155	-0.05436205344104333	0.022246407863500305	0.4593546231345177	0.007160729037110683	528526677303.50775
4.351155482123175	-0.052191395882704175	0.021507900132770322	0.4549337625903904	0.007444843564603911	501637183674.6733
4.44364743689891	-0.04960293387156442	0.020037338747336392	0.45100270606222165	0.007755601900140857	473386859384.23944
4.538105481310693	-0.04691129883279348	0.01799127964230973	0.4477822620419152	0.008100408071228868	469264039099.9268
4.634571408274096	-0.044278376444702956	0.015663888683902467	0.4438504264201776	0.008475975030986689	444160795325.9426
4.733087899091343	-0.042046375950541226	0.013142672682853086	0.4392223740973054	0.0088514393630692	395547964514.9064
4.833698542335634	-0.03982907361842603	0.010583897949788697	0.43521186490675257	0.009198641413990169	387995471294.0724
4.936447853136886	-0.03767918700627252	0.008351494241338386	0.4315815550449492	0.009530242998372749	355259978609.10504
5.04138129287743	-0.03578807156350956	0.006633614019427699	0.4278241578418229	0.009826354032970296	335928921573.111
5.148545289306381	-0.034211800511006474	0.005425869799820187	0.42364634250639105	0.01007957903771657	322041045096.27344
5.2579872570815676	-0.03239549247459628	0.004567835494333482	0.4192701409821255	0.010320575498298661	307054493126.11005
5.369755618748127	-0.030616513032779413	0.00392354042697612	0.41502190267446337	0.010557008038773763	296850216772.95013
5.48389982616304	-0.02910631185387227	0.00305097743272569	0.41100950435977385	0.010741924510211338	281328938103.9322
5.6004703823750726	-0.02783845170357649	0.001927710352814899	0.4069350741565166	0.010863519164273635	263356929878.41144
5.719518863969832	-0.02682617174862952	0.0006659217644068436	0.4021380967163879	0.010923275773404188	259320588640.78745
5.8410979438898005	-0.02588245092091428	-0.0006346521041883541	0.39791389959867635	0.010934703212987371	244119397285.39822
5.965261414739451	-0.024968039194248025	-0.0009808433490031902	0.3944151289553254	0.010865370655664617	236049601430.0686
6.092064212585758	-0.024059298225013057	-0.0006712979540315379	0.39092096580834396	0.010784820653809027	220815186633.11188
6.2215624412646395	-0.023294470999363145	-0.0004005706805201042	0.3879594797620554	0.0107173160560676	227191401694.43594
6.353813397204065	-0.022714173631378128	-7.931010438869156e-05	0.3851446119364353	0.010648176171427938	199552299647.79193
6.488875594774836	-0.022607571081085232	0.0007129157332855536	0.38198866705215956	0.010565252079779746	193448781863.0177
6.626808792180235	-0.022124395194489426	0.0016011660216818952	0.3785418791098081	0.010523874815441167	180015757199.78937
6.767674017896025	-0.021469808466103076	0.0021457252192344845	0.37464081313463904	0.010512380478068399	179167707991.74478
6.911533597672457	-0.020514915521872137	0.0022666935313609715	0.37064410649900187	0.01056015117498516	159376452121.71344
7.058451182110272	-0.019966002705921825	0.0025085268543490226	0.36684470486605075	0.010666566949603882	159036149521.378
7.20849177482288	-0.01989212216471688	0.003054737084576034	0.3635663372489656	0.01076339072094811	156084830695.93622
7.361721761197177	-0.019709475083623456	0.003976491966939263	0.36068184393491903	0.010884357755043449	145911084686.03708
7.51820893776572	-0.019423870447141865	0.005079398871940853	0.3577815144525164	0.011031065824940211	142701595530.86798
7.678022542203279	-0.01898315203569594	0.006048319421613145	0.3545268962122414	0.011179016920409634	135384437640.02275
7.841233283961012	-0.018389492186933434	0.006558949709659764	0.35100712461248584	0.011333582838474961	124416188054.89513
8.007913375551812	-0.017597182928349327	0.006642383334906403	0.34718558756146667	0.01148221553937225	122743780219.61127
8.178136564500722	-0.016482335365617183	0.006405449239642557	0.3435841509919187	0.011669827833184687	119707435011.17992
8.351978165974476	-0.015484058590438825	0.005869973649266672	0.34033787902487095	0.011897046166006479	116441649068.43588
8.529515096104651	-0.014605565790075594	0.0052206970558605235	0.33768201826425864	0.012179249399352953	112111161482.98468
8.710825906019195	-0.013520952382682248	0.004690196256263333	0.3353715057465726	0.012569951972402361	106335815053.07828
8.895990816597315	-0.012794160873436216	0.004506843505559058	0.33280185487637576	0.013034010228806814	100429293227.20496
9.08509175396317	-0.012387413954419698	0.004578462958645134	0.329672747053066	0.013457751552488708	100282140396.72087
9.278212385734054	-0.012089899181026438	0.004613154513353074	0.32654636854538216	0.013930508328326843	95118719631.83485
9.475438158039077	-0.011571954978231436	0.0044088013976583285	0.3238221599027587	0.014457376339507949	91039329798.8835
9.676856333324777	-0.011084364374954535	0.004062333877254389	0.32104455071827304	0.015007172360379562	83850804406.72621
9.882556028964345	-0.010748973700073038	0.003496114702957905	0.3180335570309893	0.015567789364834233	82443912315.74236
10.092628256687545	-0.010388297554004543	0.002807223864614053	0.3158528959724877	0.016051409412612322	83319599822.5146
10.307165962848844	-0.010375889983866293	0.0023004038925380854	0.31412054908509734	0.01648977421312215	76942091493.42973
10.526264069551438	-0.010246413276026978	0.0018354453288854553	0.31261686962462903	0.016992878245186815	73633522881.97334
10.750019516645532	-0.010252340811869494	0.001584848859194527	0.31093826345734876	0.01764743867828578	72957612704.1555
10.978531304619308	-0.010849092549143326	0.0014571359796304684	0.3084434187076814	0.018371901241833966	70999660427.46664
11.211900538401629	-0.011495795920699279	0.0010163319642230017	0.3052758735835582	0.019194826908753744	65840345593.59136
11.4502304720959	-0.012280814089520186	0.00013713031138497836	0.3018352245885927	0.02002490194508318	65329032169.67321
11.693626554664771	-0.012982786741415547	-0.0010763967475935475	0.2985420110469991	0.020742470929193443	63625761677.467575
11.942196476585975	-0.013121738108898776	-0.002342476621679691	0.2956134116280036	0.0214303958626725	61639396837.011086
12.196050217499952	-0.012804350966269366	-0.0031697231170174363	0.29256692218586267	0.022163651886052453	59146884632.92889
12.45530009487027	-0.012484805565121083	-0.0032923306714376533	0.28925026820892646	0.02296041858944558	55793129611.22594
12.720060813678415	-0.012995507487712827	-0.002688464433727054	0.28618680363994276	0.02373990138333863	57168482069.473625
12.990449517175	-0.013410215981855845	-0.0019271317096449952	0.2834251900448882	0.024175955289039583	52047984968.40432
13.2665858387097	-0.013044550461482061	-0.0013895275744142143	0.2810218032702378	0.02434419287768115	51150508814.25624
13.54859195466297	-0.012868999930249226	-0.0008008758367270471	0.2788257918053255	0.024498320826125825	51689823048.36889
13.836592638502953	-0.012727654004583954	-0.00030173577397974734	0.27651038474224365	0.024529439299981637	47493869152.70552
14.130715315991422	-0.012648303822169752	-0.00029193420667704705	0.27427866512939847	0.02459716982314376	44362064966.65996
14.43109012156323	-0.012536758069251796	-0.0005930195328629884	0.27192113461969636	0.02495401066234726	42318546725.160576
14.737849955904268	-0.01241071287899166	-0.0009017597337698794	0.2691841895036926	0.025514420571977878	38990650932.130714
15.051130544753258	-0.011699921658887138	-0.0011739035456437774	0.266522107257415	0.02615391496022977	37850697311.64652
15.371070498953586	-0.010867636463224539	-0.001116985107919442	0.2640945690867668	0.026962223435088997	36813481151.56745
15.697811375781582	-0.01012612371362444	-0.0005959932639055247	0.2618037749664757	0.02785598533383744	35333970470.81619
16.03149774157845	-0.009457144520114136	4.3209827049716356e-05	0.2597374356082376	0.02879292624857825	33662706633.83545
16.372277235713607	-0.009191128410226278	0.0008158915243798859	0.25761939327888017	0.029315534975577137	32485359762.65398
16.72030063590765	-0.00927682148305366	0.0017762648064675514	0.25521302023435366	0.02925028030941102	31392237379.31766
17.075721924943828	-0.009418241319623896	0.0026217125335188337	0.25272630926689765	0.02882587235328056	30387711305.60082
17.438698358797726	-0.009448702947358105	0.003263446666277584	0.25006635846577346	0.02832477720819283	28571327656.529537
17.809390536215066	-0.009169221786936821	0.003540501206665484	0.24766450767985468	0.027976946646191186	28890965051.911407
18.1879624697685	-0.008731492161082448	0.0037988051921952442	0.24592825444145594	0.027934132714497555	26541223081.09657
18.574581658424965	-0.00834561261090379	0.004171077597725366	0.24412647178931285	0.028112143416060935	25226688754.9871
18.969419161655473	-0.008220426327276271	0.004745252903181023	0.2419900025812362	0.028421242128416693	25299074530.864616
19.372649675120293	-0.00835590190990578	0.005602345000152685	0.23962020695552702	0.028878865246798273	24447538008.16649
19.78445160796298	-0.008548493759048564	0.006560344803418108	0.237432924354316	0.029476170376930202	24831607680.486504
20.205007161747403	-0.008460568661566078	0.007200753477109179	0.2353226697053531	0.030251524602560302	23586908880.755466
20.634502411072727	-0.007929420738777646	0.00745794499209314	0.23295328014141362	0.03114200271813572	23132199179.134384
21.073127385902044	-0.007074414858746326	0.007468715725071063	0.23067346352479837	0.03211647488288065	21857741530.547913
21.521076155641044	-0.006398194761713789	0.007365760968005832	0.22831889242275016	0.03317563033478064	21103827152.595802
21.978546915003886	-0.006033487971417916	0.007122962483972293	0.2255702534027034	0.034332070476176146	20801148860.7073
22.445742071704423	-0.005750123047009214	0.006457029121671141	0.22299084431083122	0.03560674350399772	20489188849.605885
22.922868336011316	-0.005139495186419126	0.0055093361419903545	0.22080732173171702	0.03715166562611468	19910540129.780277
23.410136812206957	-0.004713596948695608	0.004598932589740938	0.2185712005556317	0.0388984081363104	19847243213.73713
23.907763091990436	-0.004308356317539786	0.0038891485963335986	0.21623702179555154	0.040670883731215295	19674996656.393627
24.415967349865944	-0.0040682023687536205	0.0032410612190666216	0.21393699361256605	0.042556101697672225	19093675426.927673
24.934974440558936	-0.003613453738988994	0.0024207768868744787	0.21177345751522716	0.04472298125971624	18586659611.924854
25.465013998502968	-0.003232842823699951	0.0015766620211234103	0.20953062832560398	0.04731056185585789	17960219220.16288
26.006320539441305	-0.0028056382711955704	0.000994982176541493	0.20681852821402302	0.050051201178366776	17489697284.506336
26.559133564188365	-0.0021429631222562983	0.0006783297109007845	0.20391865335389364	0.052745053884440174	16441135024.453451
27.123697664596694	-0.0012655262876247442	0.0003268304228479965	0.20121971491823643	0.0552866585040331	15659946183.687754
27.7002626317765	-0.00041406523073782406	-0.0002819323424558162	0.19855826069204402	0.05790987925693457	15400376203.606726
28.289083566615645	0.0003369374021341723	-0.0012969775040731696	0.19589060306695696	0.0606813588020761	14853266066.412285
28.8904209926489	0.0008563326071478064	-0.0024473185078446483	0.19328386717199508	0.06334771336360585	14257634723.865074
29.504540971326406	0.0012984492817197893	-0.00344085539986	0.19072748263222533	0.0655807940171131	13616996184.776213
30.131715219732516	0.0016845972801138188	-0.004255477699366241	0.1881738939299661	0.06734520453140741	13102263663.731249
30.772221230806835	0.0020534335315721096	-0.004670504279355257	0.18568199742255906	0.06860207501645807	12493978420.298628
31.426342396120805	0.002118827057044852	-0.004536330994393046	0.18338408288125826	0.06914347602290034	11555129077.015322
32.09436813126426	0.0018217662204587568	-0.0038612363465069465	0.1811759844724295	0.0688717004648038	10690382823.501148
32.7765940038971	0.0013652364397265882	-0.0029240862605478587	0.17886374779872058	0.06842551926326008	9919578878.336653
33.47332186452317	0.0009132683704763753	-0.0020379161287271464	0.17648802935698288	0.06816776858470465	9220704918.71777
34.18485998004379	0.0005189538399497514	-0.0014151489287098661	0.17407488190077774	0.06814007025907648	8615170903.129238
34.911523170150296	-1.6367722496126692e-05	-0.0009705376846015858	0.17163437086632102	0.06806023040949734	7971577331.569535
35.65363294661591	-0.0006321384375463112	-0.0006482175640871021	0.16913895164393916	0.06771782632736849	7474854594.583145
36.41151765554844	-0.001266121903049542	-0.0002570988156249741	0.16678647126429702	0.06710764495124487	6927826715.565976
37.185512622666806	-0.0018751794820293178	0.0002025860277097107	0.16466866868805297	0.06648387957868356	6535339706.531631
37.97596030166584	-0.0024821146025921924	0.000594335346618814	0.1625836037294891	0.06594267265006311	5972957583.235059
38.7832104257347	-0.002923879154954532	0.0008301102995419068	0.1604338105614648	0.06539422790346813	5502095045.781261
39.6076201622961	-0.0034966797808968354	0.0009694275492921908	0.15817544042109258	0.06409807095040539	4802436565.55909
40.449554271034955	-0.0038612113804419416	0.0009490827548586253	0.15556247092976738	0.062399009980844175	0.0
41.30938526528609	-0.0041260318600406295	0.0008054780038366547	0.15264192824259	0.061296655647462756	0.0
42.18749357685253	-0.004392456625749345	0.0006056124154693155	0.14992160450597752	0.060608351038310325	0.0
43.08426772432745	-0.004529869809005868	0.00041892373749315457	0.14746083801194612	0.05980329816144468	0.0
44.000104484994004	-0.004720486384433929	0.0004127117219260859	0.1449935043696776	0.058862642968530034	0.0
44.93540907037918	-0.004852645076757778	0.000674495584758832	0.1424323725734748	0.05784580735195594	0.0
45.89059530553955	-0.004994745181846618	0.0010808266644907407	0.1399406785220662	0.05693329113043316	0.0
46.866085812157905	-0.0052812881122202724	0.001471216363492522	0.13767444256233227	0.05617510108817488	0.0
47.86231219553197	-0.005792756410816583	0.001767500176136521	0.13559498960026936	0.05546709838189531	0.0
48.87971523553807	-0.006441098670156835	0.0019814155406851753	0.133615312507351	0.054703188047859924	0.0
49.918745081653825	-0.0070757168441413325	0.0021471677246350405	0.13168033930689724	0.05393628390447498	0.0
50.979861452126706	-0.007566567282691599	0.002276229566187194	0.12975404029188187	0.0532177264943552	0.0
52.063533837376106	-0.007908415273427059	0.002341703578399917	0.12770323991277802	0.05254790451771037	0.0
53.170241707719036	-0.008245679220770382	0.0023119152521979807	0.12553710416439215	0.05189063396522603	0.0
54.30047472551171	-0.008746005214187952	0.0022526705928727743	0.12332949093322848	0.05112545161727068	0.0
55.4547329618003	-0.009446265817257818	0.002257130397330782	0.12116331679727349	0.050181291256866475	0.0
56.633527117577195	-0.010110168083300614	0.0022966772176289596	0.11914965477287229	0.04920500806735087	0.0
57.83737874974024	-0.01067191152660789	0.002300745833879268	0.11722130387011166	0.048311706363839656	0.0
59.06682050185565	-0.011214747895806147	0.0022444729236574448	0.11524311163034202	0.04748080229315767	0.0
60.32239633982556	-0.011842587653136546	0.002167166368603541	0.11325984385547423	0.046600127842991335	0.0
61.604661792565594	-0.012512222206710548	0.0021016188395748025	0.11134020405027173	0.04564494946131894	0.0
62.914184197798555	-0.012974812277578436	0.0020563403842328454	0.10945670052890695	0.044771090794925354	0.0
64.25154295307237	-0.013240459393877264	0.0020247692060201684	0.10759094607761327	0.044051245431712	0.0
65.61732977211447	-0.013415312991572078	0.001984267255146469	0.1057099956226327	0.043449387951991554	0.0
67.01214894663535	-0.013576901623652122	0.001925589827848403	0.10377743731972638	0.042880463267409366	0.0
68.4366176136968	-0.013722033523594308	0.0018427666496733063	0.10181463060446426	0.042273097373436076	0.0
69.89136602876411	-0.01381348284417284	0.0017356372244879252	0.09985380239921184	0.04166182525165676	0.0
71.37703784456245	-0.013724493445635977	0.0016117684066530398	0.0980466546676993	0.04110290692539356	0.0
72.89429039586037	-0.013410840858981834	0.0014666877972805312	0.0964495900258185	0.040625582820128715	0.0
74.44379499030735	-0.012898947331041438	0.0013162021141102512	0.09492705259750647	0.040225346099933154	0.0
76.02623720545382	-0.012273745362948146	0.0011906165680393346	0.09334435268546612	0.03984820337017393	0.0
77.64231719208418	-0.01165145550561062	0.0010939581648635077	0.09167867579905571	0.039422347585289105	0.0
79.29274998399838	-0.011171586543797822	0.0010367989600318804	0.08993755066153981	0.03885949076725983	0.0
80.97826581437847	-0.010810303237861144	0.0010112658840116195	0.08818920665503935	0.03819995535463408	0.0
82.69961043887953	-0.010462108649568643	0.000990176212055251	0.08650573785299476	0.037516458481965324	0.0
84.45754546558906	-0.010047995572394247	0.000962934804009063	0.08491866734781504	0.03683844813113294	0.0
86.25284869200037	-0.009555465422110684	0.0009026611554224921	0.0834907260957195	0.03619278215098191	0.0
88.0863144491482	-0.008947397802145068	0.0007834143360256727	0.08222848573676883	0.03561112638185446	0.0
89.95875395306041	-0.008197317572614075	0.0006134804029294461	0.08105768830101957	0.03516537509369796	0.0
91.87099566368023	-0.007385639388468022	0.0004320368161333885	0.07987492169124044	0.034835549298633375	0.0
93.82388565141763	-0.006550942723609858	0.0002653629967103114	0.07865418907125857	0.03451566279348895	0.0
95.81828797149282	-0.005701139426133054	0.00011040095990518549	0.07742331208838055	0.03417719775794299	0.0
97.85508504623752	-0.004865789406596995	-3.1005342697560046e-05	0.07619348571175029	0.03380507822696694	0.0
99.93517805552158	-0.00412815442702926	-0.00014345566838272378	0.07495897313748812	0.0333757884142388	0.0
102.05948733547996	-0.0034969920586364195	-0.0002219351295778629	0.07369118291449055	0.0328919703643948	0.0
104.22895278571524	-0.0029245966591262603	-0.0002951642929722865	0.07238166650996261	0.032388076874365526	0.0
106.44453428515517	-0.002361825209344476	-0.00038056176010917804	0.07106771175333852	0.03184222611102653	0.0
108.70721211675094	-0.0017738775067613769	-0.0004689976048590562	0.06982506390623826	0.031234135817856275	0.0
111.01798740120313	-0.0012188980001521252	-0.0005456604128658306	0.06870475130260503	0.030552116847346635	0.0
113.37788253990658	-0.0008159778289311483	-0.0005906383273982239	0.0676415278130378	0.029786619872028342	0.0
115.7879416673116	-0.000610863667428437	-0.0006069495412524194	0.06655110101713317	0.028938747215408712	0.0
118.24923111290109	-0.0004366568403713096	-0.0005875115644663332	0.06536975019415574	0.028055278453224926	0.0
120.76283987298685	-0.00019783753641997896	-0.0005548061791465047	0.06408154257590275	0.027194676733181676	0.0
123.32988009253596	7.461681649564549e-05	-0.000530835073713351	0.06269547512773585	0.026355535362302153	0.0
125.95148755723847	0.0003819295748394335	-0.0005278833363200075	0.061211224137786145	0.025496151442858578	0.0
128.62882219603569	0.0005584152476767161	-0.0005406356026742452	0.059722445194310816	0.024525100813658295	0.0
131.36306859432958	0.0005744566078707835	-0.0005509663271113301	0.058374750225498956	0.023424211159666978	0.0
134.1554365181022	0.0005552259479684647	-0.0005512407139868766	0.05719943515570653	0.022261050098079122	0.0
137.00716144917655	0.0006399089605576839	-0.0005470966255243786	0.05612138660177801	0.021152583400458325	0.0
139.9195051318541	0.0009056082926210185	-0.0005358798074808923	0.05509745016861879	0.020205423750369912	0.0
142.89375613117335	0.001307958192337078	-0.0005073667766804599	0.05413097192267835	0.019435943879030842	0.0
145.93123040303516	0.001827954481582906	-0.00046853875796333723	0.05319881138201945	0.018835733069299056	0.0
149.033271876446	0.0023547472547462123	-0.00043467609906404966	0.05222829211931491	0.018300980188938488	0.0
152.20125304813917	0.002858958184154493	-0.0004192000903944367	0.05119109293120437	0.017775194870798903	0.0
155.43657558983557	0.003392693489422779	-0.0004136664957504816	0.0501628272954445	0.017324561757527272	0.0
158.74067096841193	0.004011505324705245	-0.0004098845342104535	0.049241373279157175	0.016998904184544906	0.0
162.11500107925306	0.004697182807097152	-0.00040776461606890446	0.048451563017471604	0.016762582875433137	0.0
165.5610588930672	0.0054134628193295625	-0.000408821237618576	0.04775393021991049	0.016560219930482345	0.0
169.08036911644916	0.006137556027854714	-0.00040743585154751506	0.04713098436463888	0.016390895692805912	0.0
172.67448886648666	0.006945412007769279	-0.00041647201671993634	0.046587462922992255	0.016301778424094283	0.0
176.34500835970627	0.007943035911275122	-0.0004461466161370722	0.046102960622975905	0.01633424666308808	0.0
180.0935516156632	0.009144649297614164	-0.00048487661661564073	0.0456594172769768	0.016481590688239397	0.0
183.92177717548824	0.010467090092388411	-0.0005231734624364397	0.04521440901210846	0.0167085542770629	0.0
187.83137883570922	0.011783417306703375	-0.0005702561198582419	0.04469408107222031	0.01692846133969245	0.0
191.82408639766916	0.013033677550186716	-0.0006215321389021753	0.04414586947030457	0.017060967028384222	0.0
195.9016664328767	0.014192082560146764	-0.0006647533725378491	0.043663494184876986	0.01707708236979909	0.0
200.0659230646254	0.015240459328040091	-0.0006991711735443776	0.04322202111562683	0.01696563805121791	0.0
204.3186987662259	0.016220195470988068	-0.0007239978167082218	0.04271545174404218	0.01675743648454661	0.0
208.66187517620816	0.017178189594491033	-0.0007435454244668901	0.04208481575115528	0.01647162029766892	0.0
213.09737393085177	0.018095917125672465	-0.0007627923540478841	0.04132260625873675	0.01609429504377935	0.0
217.6271575144122	0.01894198181076508	-0.0007763652363816588	0.040446315451950744	0.015642274846456708	0.0
222.25323012742126	0.019684994273321932	-0.0007840407821231756	0.03953200406553901	0.015119144399671179	0.0
226.97763857344535	0.020353911908316348	-0.0007990635215205773	0.03859520133689841	0.0145534298636218	0.0
231.80247316469158	0.020915591814715126	-0.0008280988931332041	0.03761043026683773	0.013932975317869002	0.0
236.72986864686587	0.021367520908555676	-0.0008683126623668647	0.036573767571860365	0.013249646118419452	0.0
241.7620051436908	0.021813471060873505	-0.00089745844324173	0.035438069566141366	0.012536378861569854	0.0
246.9011091214991	0.022250497556325962	-0.0008907981692922078	0.034294293622932084	0.011798479416187205	0.0
252.14945437433312	0.022587730106383676	-0.0008600188704462624	0.03326818858567401	0.011013139177056562	0.0
257.5093630299846	0.022762322008727777	-0.0008249268722940455	0.03234837027045301	0.010189942686851345	0.0
262.98320657741766	0.022676606399119878	-0.0007901077200631593	0.031492828074914374	0.009320935628953184	0.0
268.5734069160339	0.022506823526996678	-0.0007679715570176587	0.03066533399088015	0.008466694764343198	0.0
274.2824374272398	0.02248235493375726	-0.0007645329320326542	0.029886486059403874	0.007701986976421704	0.0
280.1128240687946	0.02264860332896226	-0.0007787428907578288	0.029177898255057802	0.007032075965288665	0.0
286.0671464924173	0.022979965262124105	-0.0008029006096785658	0.028510642140738333	0.0064430679623564075	0.0
292.148039185153	0.023398647553129353	-0.0008251001278613059	0.02782963215705722	0.005909251049118926	0.0
298.35819263500116	0.023874604963360666	-0.0008478589244890324	0.02711881203776476	0.005418157104037421	0.0
304.7003545213196	0.024351800761130683	-0.0008714756770737809	0.026395524922591406	0.004958197170094782	0.0
311.1773309305339	0.024803849350235475	-0.0008900453599437678	0.025688360895468047	0.0045272891904576664	0.0
317.7919875976906	0.02529056973539622	-0.0009007999989648882	0.025027454047523805	0.004135913981622946	0.0
324.5472511743979	0.025896484812796695	-0.0009097990339414778	0.024423935953969734	0.003792416894834302	0.0
331.44611052372255	0.026648659500264404	-0.0009196874843531	0.023869182287928756	0.0034960943587549627	0.0
338.49161804261155	0.027531905130912984	-0.0009333409564067562	0.023336804906941226	0.0032388617567421962	0.0
345.6868910124219	0.028492818887587205	-0.0009507309839439339	0.022822918484373823	0.0030070284200482155	0.0
353.0351129781612	0.02946019949279117	-0.0009667918908620167	0.022316865478765983	0.0027886318724437147	0.0
360.5395351570464	0.030441740897044826	-0.0009786722561387436	0.02183932595982646	0.002583203990863683	0.0
368.2034778770015	0.03149263252379425	-0.000983053639546163	0.021399580884786704	0.002395121291316694	0.0
376.0303320457358	0.032635458114418064	-0.0009802258376640461	0.020991505781111076	0.0022262499244858564	0.0
384.0235606510506	0.033932736240055536	-0.0009808769616207204	0.020611199983463103	0.002079547742895771	0.0
392.1867002930343	0.03540352783540887	-0.0009932536143890953	0.0202467362063611	0.0019543784495295153	0.0
400.52336274883027	0.036993209640178014	-0.0010163455040007143	0.019906927366421193	0.00184369386036982	0.0
409.0372365706672	0.03866876234686712	-0.001046179560039203	0.019590206195366347	0.0017402012818062015	0.0
417.7320887178549	0.04043298010380614	-0.0010770247650999704	0.019299444154700068	0.00164070177811882	0.0
426.61176622347483	0.04227963969617961	-0.0011048103926383866	0.019028594820079743	0.0015447619765266677	0.0
435.680197896499	0.0442042444044453	-0.0011309557750841545	0.01878036746835971	0.0014521285297090045	0.0
444.94139606008747	0.046209620051303045	-0.0011579539253722528	0.01854955733986723	0.0013626521617220836	0.0
454.3994583268396	0.04830670175471456	-0.001188547772857217	0.01831595359380269	0.0012759634417530018	0.0
464.0585694117823	0.05049743999201552	-0.0012228683486603911	0.018089622398261413	0.001191635921814277	0.0
473.92300298389256	0.05277535584528577	-0.0012595089662827883	0.017896533267819727	0.001109772778290087	0.0
483.9971235569814	0.055146012467682255	-0.0012977682724418706	0.017717285074886655	0.0010312166010702684	0.0
494.2853884207723	0.05761364167777241	-0.001337792837741862	0.017543104940342575	0.000956792725047864	0.0
504.79234961302393	0.060177095615032795	-0.001380497725462537	0.017396984279073095	0.0008868610691885772	0.0
515.5226559335789	0.06281628315562975	-0.0014247374591430605	0.017236513130587387	0.0008214017672417641	0.0
526.4810550012237	0.0655152552986983	-0.0014661464438309089	0.017101127045234196	0.0007603435953711592	0.0
537.672395354268	0.06825697627111572	-0.0014998832070857147	0.01695038601555599	0.0007040122379671236	0.0
549.1016285957794	0.07098819041656912	-0.001527881208778961	0.016823434377519132	0.0006534848991580186	0.0
560.7738115844189	0.07364537503780166	-0.0015566454808840456	0.016630560674231902	0.0006097971419014454	0.0
572.6941086718433	0.07616469339892162	-0.001585406598910458	0.016434637624657404	0.0005725771616233755	0.0
584.8677939876711	0.07853799445873187	-0.0016132378487942562	0.016177163259746493	0.0005404584682309875	0.0
597.3002537730185	0.08080075673037641	-0.0016427210196676635	0.015943082069115544	0.0005119751571632893	0.0
609.9969887636405	0.08298805000656742	-0.0016754691999523595	0.01570571386009967	0.00048602037749523465	0.0
622.963616623726	0.08513475387546948	-0.0017120443826590087	0.015470435160891574	0.0004620120972821143	0.0
636.205874431432	0.08725602097674288	-0.001750066390250561	0.015235457796826852	0.00043982691364534914	0.0
649.7296212172528	0.08934212569484286	-0.0017874251221994414	0.014952784356896624	0.00041945033964972857	0.0
663.5408405563417	0.0913974795647092	-0.0018240532305198078	0.014750047437736134	0.000400706121878827	0.0
677.6456432159428	0.09343958713511083	-0.0018592949387730546	0.014374770423424442	0.0003832684346345067	0.0
692.0502698590983	0.09549190686131465	-0.0018918051048987267	0.014114161645973919	0.00036676830121421536	0.0
706.7610938058239	0.09760351637847002	-0.0019249681469680827	0.013911655820155515	0.0003506392876686749	0.0
721.7846238529822	0.09981387786048111	-0.001963836836811719	0.013554966715754659	0.000334581158427078	0.0
737.1275071540994	0.10211279842943592	-0.0020053893233496177	0.013187063661554163	0.00031865514919885243	0.0
752.7965321603904	0.10449000486967497	-0.0020442978313336226	0.012874360034897002	0.00030295816514706734	0.0
768.7986316243083	0.10695663066112507	-0.002079919956623266	0.01262662780033269	0.0002876306237369255	0.0
785.1408856669394	0.10954250387907326	-0.0021198990559933247	0.012357910843588414	0.00027282837525139313	0.0
801.8305249105945	0.1122415293178323	-0.0021602115810032125	0.012108937651099692	0.0002586144993150336	0.0
818.8749336779972	0.11501249777272536	-0.0021961993363365712	0.011964896969936774	0.00024505596317482244	0.0
836.2816532594753	0.11781567344838294	-0.0022281366800277432	0.011904961123275675	0.00023207277172811663	0.0
854.0583852495972	0.12067516950306621	-0.0022598329902977104	0.011694651392460492	0.00021973190913359854	0.0
872.2129949547406	0.12363242240633296	-0.0022947612683216867	0.011396511499043313	0.0002077638450850601	0.0
890.7535148730954	0.12669546293387468	-0.0023340165963398234	0.011140257480159269	0.00019645251182208695	0.0
909.6881482486348	0.12984337899156903	-0.0023746283218680224	0.011005732291784117	0.00018513703706365625	0.0
929.0252727006381	0.13308325092238096	-0.002417137323982612	0.010809274822656407	0.00017487790431802545	0.0
948.7734439303673	0.13642415510132705	-0.002463790654758413	0.010490551636486956	0.00016359096416254998	0.0
968.9413995065278	0.13987872121083272	-0.002516810839942283	0.010470535516723233	0.0001549012363217364	0.0
989.5380627312036	0.1433574102628057	-0.0025806808275112393	0.00988609074751308	0.00013982004335485397	0.0
